  4.6008050e+002  1.0491750e+002  4.0636350e+002  8.2941000e+001
  3.8296050e+002  1.0805550e+002  3.3431050e+002  9.3658500e+001
  1.0671800e+002  1.0254500e+002  1.1598800e+002  1.0955050e+002
  1.1566350e+002  1.0341100e+002  1.2378050e+002  1.0963800e+002
  3.6769600e+002  1.3547500e+002  3.1352150e+002  1.2469100e+002
  4.6144300e+002  1.4211150e+002  4.0249450e+002  1.2513750e+002
  3.5361350e+002  1.3737900e+002  3.0139550e+002  1.2759200e+002
  1.2794600e+002  1.3117050e+002  1.2887550e+002  1.3533100e+002
  3.1156800e+002  1.4353000e+002  2.6606700e+002  1.3662250e+002
  4.6746050e+002  1.5817150e+002  4.0827900e+002  1.4288050e+002
  2.7220100e+002  1.4905300e+002  2.3344850e+002  1.4496050e+002
  4.5517900e+002  1.6854000e+002  3.9742350e+002  1.5550950e+002
  2.0704900e+002  1.5833400e+002  1.8353250e+002  1.5793450e+002
  3.9279850e+002  1.7440500e+002  3.3755300e+002  1.6497150e+002
  1.8860350e+002  1.9146200e+002  1.7107100e+002  1.9157450e+002
  3.3609750e+002  2.0114950e+002  2.8714550e+002  1.9614000e+002
  1.7228900e+002  1.9657200e+002  1.5807800e+002  1.9695750e+002
  1.7549000e+002  1.9815600e+002  1.6110850e+002  1.9807300e+002
  3.1341850e+002  2.1567550e+002  2.6405000e+002  2.1264200e+002
  4.1779300e+002  2.4686950e+002  3.5550600e+002  2.4535300e+002
  3.4428550e+002  2.8996450e+002  2.8731600e+002  2.9156500e+002
  4.1580100e+002  2.8789450e+002  3.5134400e+002  2.9164500e+002
  3.7280350e+002  2.8966050e+002  3.0967550e+002  2.9267500e+002
  4.9639600e+002  2.9503850e+002  4.3011700e+002  3.0218900e+002
  4.2729500e+002  3.1572700e+002  3.6112000e+002  3.2333900e+002
  9.7164500e+001  1.3833100e+002  1.0730200e+002  1.4378600e+002
  3.8448900e+002  1.5695400e+002  3.3053800e+002  1.4655400e+002
  4.5257850e+002  1.7255700e+002  3.9390400e+002  1.6043550e+002
  8.1896500e+001  2.0668350e+002  9.4934000e+001  2.0866600e+002
  4.6983800e+002  2.2545700e+002  4.0722600e+002  2.2054500e+002
  1.1006050e+002  2.5869200e+002  1.1228900e+002  2.5700000e+002
  4.5144500e+002  9.7390500e+001  3.9958450e+002  7.5000500e+001
  4.9803150e+002  1.1108950e+002  4.3946300e+002  8.5612000e+001
  3.8750900e+002  1.3828100e+002  3.3174200e+002  1.2604750e+002
  1.8389450e+002  1.4376750e+002  1.7198200e+002  1.4446200e+002
  4.4086300e+002  1.6250700e+002  3.8319850e+002  1.4954350e+002
  3.2804600e+002  1.6191900e+002  2.8075250e+002  1.5542950e+002
  4.3504550e+002  1.6918400e+002  3.7616800e+002  1.5762400e+002
  3.2954750e+002  1.8046400e+002  2.8044950e+002  1.7507100e+002
  3.1702600e+002  1.8243250e+002  2.6948900e+002  1.7760700e+002
  5.0103450e+002  1.9333050e+002  4.4061750e+002  1.8207950e+002
  1.2690850e+002  1.9618300e+002  1.2703750e+002  1.9762500e+002
  1.6129900e+002  1.9800450e+002  1.4999450e+002  1.9852850e+002
  3.5018050e+002  2.0740050e+002  2.9611300e+002  2.0280800e+002
  4.6396150e+002  2.2428050e+002  4.0134250e+002  2.1961350e+002
  3.2987050e+002  2.4043250e+002  2.7752700e+002  2.3882300e+002
  3.9974400e+002  2.5223000e+002  3.3837100e+002  2.5149550e+002
  3.0968100e+002  2.9090200e+002  2.5748300e+002  2.9178100e+002
  4.1608800e+002  2.9080750e+002  3.5160800e+002  2.9502150e+002
  4.3209050e+002  2.9240150e+002  3.6674650e+002  2.9773200e+002
  4.2500000e+002  2.9653350e+002  3.5965350e+002  3.0202950e+002
  4.0715750e+002  2.9757500e+002  3.4290800e+002  3.0224700e+002
  5.0400500e+002  3.0033200e+002  4.3728300e+002  3.0867950e+002
  4.1313100e+002  3.1288950e+002  3.4788050e+002  3.1962600e+002
  4.4093550e+002  3.1677150e+002  3.7341150e+002  3.2542750e+002
  4.7735800e+002  3.2192150e+002  4.0933050e+002  3.3309350e+002
  1.5812100e+002  5.2076000e+001  1.5268700e+002  5.7101000e+001
  9.2368000e+001  6.9975500e+001  1.0721500e+002  8.0123000e+001
  4.4243800e+002  1.0266500e+002  3.9110300e+002  8.1250500e+001
  3.9498150e+002  1.1019700e+002  3.4581700e+002  9.3850000e+001
  4.4827600e+002  1.5119800e+002  3.9098100e+002  1.3625700e+002
  4.4736200e+002  1.5314850e+002  3.9019100e+002  1.3811750e+002
  3.2983750e+002  1.4822550e+002  2.8100000e+002  1.4070550e+002
  2.7639900e+002  1.5628550e+002  2.3675250e+002  1.5234850e+002
  3.3439050e+002  1.6518400e+002  2.8620550e+002  1.5842000e+002
  3.1267100e+002  1.8469450e+002  2.6509750e+002  1.8004500e+002
  1.8315350e+002  1.8670400e+002  1.6726200e+002  1.8681600e+002
  3.2411750e+002  1.9373450e+002  2.7755250e+002  1.8948650e+002
  1.6840400e+002  2.0109750e+002  1.5455950e+002  2.0112450e+002
  4.4009000e+001  2.0264600e+002  7.1796500e+001  2.0601300e+002
  1.1710100e+002  2.3982300e+002  1.1687600e+002  2.3920000e+002
  4.7929000e+002  2.4901450e+002  4.1506750e+002  2.4801000e+002
  4.1808900e+002  2.4995050e+002  3.5527700e+002  2.4907300e+002
  4.2519550e+002  2.5068750e+002  3.6211850e+002  2.4987150e+002
  3.9659100e+002  2.5240750e+002  3.3495350e+002  2.5171800e+002
  3.6674950e+002  2.5415550e+002  3.0824500e+002  2.5333850e+002
  4.9196450e+002  2.8372150e+002  4.2586700e+002  2.8894000e+002
  3.3449750e+002  2.9069050e+002  2.7811650e+002  2.9220150e+002
  4.4669800e+002  2.9168300e+002  3.8078350e+002  2.9680350e+002
  3.4805050e+002  2.9586600e+002  2.8994450e+002  2.9831200e+002
  4.4761400e+002  2.9537450e+002  3.8155500e+002  3.0089450e+002
  4.9830650e+002  2.9580300e+002  4.3197500e+002  3.0303300e+002
  4.3402350e+002  9.7300000e+001  3.8306050e+002  7.5985000e+001
  4.2121700e+002  1.1070100e+002  3.6832250e+002  9.2873000e+001
  1.1027800e+002  9.7980000e+001  1.1893700e+002  1.0474200e+002
  3.6250050e+002  1.1992050e+002  3.1387300e+002  1.0821150e+002
  2.1543000e+002  1.4140050e+002  1.9405450e+002  1.4059850e+002
  3.0275350e+002  1.5084500e+002  2.5857100e+002  1.4519400e+002
  4.1854000e+001  1.4192500e+002  7.5315500e+001  1.5000600e+002
  1.1712400e+002  2.4017250e+002  1.1682900e+002  2.3954950e+002
  3.1655550e+002  2.5711150e+002  2.6502300e+002  2.5640600e+002
  3.6167900e+002  2.9008250e+002  3.0169400e+002  2.9241800e+002
  8.8344500e+001  6.5903500e+001  1.0433800e+002  7.6735000e+001
  1.2659700e+002  1.3344350e+002  1.2827200e+002  1.3771900e+002
  2.9594950e+002  1.7281350e+002  2.5230450e+002  1.6810600e+002
  6.9486500e+001  2.2881000e+002  8.2462500e+001  2.2997900e+002
  1.1702550e+002  2.4050300e+002  1.1675200e+002  2.3989600e+002
  4.4672500e+002  2.9662500e+002  3.8039350e+002  3.0279450e+002
  4.4110700e+002  3.1594250e+002  3.7359250e+002  3.2442450e+002
  2.7757700e+002  1.5721150e+002  2.3793150e+002  1.5348450e+002
  4.7241700e+002  1.6959950e+002  4.1219500e+002  1.5526550e+002
  4.1380550e+002  1.6651700e+002  3.5548800e+002  1.5583600e+002
  8.1318000e+001  1.7721250e+002  9.5273000e+001  1.8094800e+002
  7.4750500e+001  2.2751850e+002  9.0752500e+001  2.2818100e+002
  4.1943150e+002  2.8922750e+002  3.5433000e+002  2.9327300e+002
  4.3609550e+002  2.9329900e+002  3.7058850e+002  2.9859700e+002
  4.4120650e+002  3.0154500e+002  3.7512500e+002  3.0788800e+002
  4.1553100e+002  3.2052050e+002  3.4946600e+002  3.2816400e+002
  4.7053700e+002  1.4159250e+002  4.1184200e+002  1.2361550e+002
  3.5717000e+002  3.1102450e+002  2.9689400e+002  3.1486800e+002
  4.7755900e+002  2.4927950e+002  4.1378600e+002  2.4840950e+002
  4.1237800e+002  1.9676450e+002  3.5294100e+002  1.8923950e+002
  4.4555750e+002  1.0380750e+002  3.9549350e+002  8.1783000e+001
  1.3725000e+002  3.6944500e+001  1.4083350e+002  4.4750000e+001
  1.1169450e+002  6.5000000e+001  1.2030550e+002  7.3722000e+001
  1.0772200e+002  6.6028000e+001  1.1759150e+002  7.5066500e+001
  1.2139050e+002  1.1424800e+002  1.2842900e+002  1.1884450e+002
  1.2064600e+002  1.0953650e+002  1.2841500e+002  1.1530100e+002
  4.2402800e+002  2.5072200e+002  3.6102500e+002  2.4992500e+002
  1.2516200e+002  6.7685500e+001  1.2998350e+002  7.5153500e+001
  1.6747500e+002  2.0087500e+002  1.5403100e+002  2.0096900e+002
  2.7508750e+002  1.4693750e+002  2.3575000e+002  1.4271450e+002
  4.2150250e+002  1.7162000e+002  3.6124850e+002  1.6134650e+002
  9.1146000e+001  6.9937500e+001  1.0632500e+002  8.0225000e+001
  6.8801500e+001  2.3355150e+002  8.6533500e+001  2.3378350e+002
  4.8952250e+002  2.8377250e+002  4.2359100e+002  2.8888650e+002
  3.7217800e+002  2.9377600e+002  3.1135100e+002  2.9661300e+002
  4.3375000e+002  1.6925000e+002  3.7432700e+002  1.5757700e+002
  3.2245000e+002  1.7795000e+002  2.7587500e+002  1.7250000e+002
  3.2915400e+002  1.7790400e+002  2.8059100e+002  1.7206800e+002
  1.2583350e+002  1.5897200e+002  1.2880550e+002  1.6211100e+002
  1.6663300e+002  1.2529700e+002  1.5925800e+002  1.2756450e+002
  1.1328850e+002  1.3103850e+002  1.1959400e+002  1.3609400e+002
  1.1672050e+002  1.3061300e+002  1.2133800e+002  1.3565550e+002
  3.1572750e+002  1.8252250e+002  2.6800000e+002  1.7775000e+002
  3.8955350e+002  1.6166050e+002  3.3479550e+002  1.5186350e+002
  4.5597200e+002  2.5011100e+002  3.9308700e+002  2.4935850e+002
  3.4473450e+002  2.5657800e+002  2.9010700e+002  2.5604750e+002
  3.2284600e+002  2.5786550e+002  2.7160000e+002  2.5730000e+002
  4.4478350e+002  2.9303350e+002  3.7884700e+002  2.9834700e+002
  1.7175000e+002  1.9875000e+002  1.5747200e+002  1.9883350e+002
  3.0363300e+002  1.8492950e+002  2.5694250e+002  1.8090400e+002
  4.2720000e+002  2.9891200e+002  3.6157900e+002  3.0445850e+002
  4.3712500e+002  2.9362500e+002  3.7147500e+002  2.9862500e+002
  2.9288250e+002  2.5936750e+002  2.4708750e+002  2.5866250e+002
  3.9050000e+002  1.3725000e+002  3.3500000e+002  1.2475000e+002
  8.8125000e+001  2.0799600e+002  1.0057850e+002  2.0936500e+002
  4.5391650e+002  2.2977800e+002  3.9115900e+002  2.2604550e+002
  4.5617300e+002  2.2684600e+002  3.9331250e+002  2.2272900e+002
  4.5002800e+002  2.4116650e+002  3.8655550e+002  2.3919450e+002
  3.5865000e+002  1.4990000e+002  3.0602250e+002  1.4059100e+002
  4.5127500e+002  2.3467500e+002  3.8832500e+002  2.3162500e+002
  2.9570650e+002  1.7027150e+002  2.5215300e+002  1.6579150e+002
  2.9492700e+002  1.6938750e+002  2.5128450e+002  1.6515950e+002
  4.4825000e+002  2.8350000e+002  3.8100000e+002  2.8750000e+002
  4.5265600e+002  2.3178100e+002  3.8968750e+002  2.2825000e+002
  4.3067500e+002  2.9217500e+002  3.6533350e+002  2.9687500e+002
  1.2725000e+002  1.3753850e+002  1.2877100e+002  1.4164600e+002
  3.6339500e+002  2.0534050e+002  3.0740550e+002  2.0024700e+002
  1.7668300e+002  1.7090700e+002  1.6172500e+002  1.7122500e+002
  1.3310600e+002  1.4373100e+002  1.3242200e+002  1.4726550e+002
  7.5944500e+001  1.9325000e+002  9.2312500e+001  1.9625000e+002
  1.3781900e+002  1.5014900e+002  1.3530550e+002  1.5322200e+002
  4.5097500e+002  2.5352500e+002  3.8677500e+002  2.5322500e+002
  3.6651550e+002  2.5889050e+002  3.0782800e+002  2.5854700e+002
  3.9671750e+002  2.5875000e+002  3.3498750e+002  2.5901250e+002
  1.3889300e+002  3.4357000e+001  1.4220000e+002  4.2350000e+001
  4.2302500e+002  1.1015000e+002  3.7013100e+002  9.1928500e+001
  3.4049100e+002  1.6440000e+002  2.9035600e+002  1.5770200e+002
  4.4558350e+002  2.8162500e+002  3.8037800e+002  2.8517700e+002
  3.8625750e+002  1.6334550e+002  3.3156600e+002  1.5350750e+002
  1.8241650e+002  1.8808350e+002  1.6614300e+002  1.8810700e+002
  2.5800000e+002  2.4275000e+002  2.1915900e+002  2.4150000e+002
  2.7039450e+002  2.0188150e+002  2.3352650e+002  1.9927650e+002
  6.4426500e+001  2.0015700e+002  8.5581000e+001  2.0294850e+002
  1.1954150e+002  1.6741650e+002  1.2454550e+002  1.7020450e+002
  3.6490900e+002  2.5679550e+002  3.0657500e+002  2.5642500e+002
  3.5647500e+002  3.1552500e+002  2.9640900e+002  3.1970450e+002
  4.4689600e+002  1.5135400e+002  3.8963650e+002  1.3638650e+002
  1.2828850e+002  8.9366000e+001  1.3339800e+002  9.5574000e+001
  3.4219450e+002  2.5433350e+002  2.8699000e+002  2.5348000e+002
  3.7851800e+002  2.9205350e+002  3.1650000e+002  2.9525000e+002
  3.0247750e+002  1.5154550e+002  2.5868750e+002  1.4589600e+002
  4.7596150e+002  2.4621150e+002  4.1189600e+002  2.4489600e+002
  1.1452250e+002  8.6272500e+001  1.2230550e+002  9.3555500e+001
  1.2723300e+002  9.8791500e+001  1.3184200e+002  1.0377650e+002
  4.2856450e+002  2.9394350e+002  3.6325000e+002  2.9829650e+002
  1.5945850e+002  5.4083500e+001  1.5380550e+002  5.9055500e+001
  4.1847900e+002  1.4327100e+002  3.6054550e+002  1.2929550e+002
  3.4673150e+002  2.0877250e+002  2.9407750e+002  2.0432750e+002
  1.6487500e+002  5.5075000e+001  1.5886350e+002  5.9386500e+001
  3.6916650e+002  2.9050000e+002  3.0805800e+002  2.9287800e+002
  4.3735000e+002  2.9620000e+002  3.7167500e+002  3.0167500e+002
  4.2695000e+002  3.0155000e+002  3.6143200e+002  3.0777250e+002
  2.9495500e+002  2.1328500e+002  2.5012150e+002  2.1037150e+002
  4.7143750e+002  2.3604400e+002  4.0834050e+002  2.3261650e+002
  3.2046650e+002  1.7038350e+002  2.7322900e+002  1.6460400e+002
  4.2398700e+002  2.9847350e+002  3.5856950e+002  3.0404150e+002
  3.1100000e+002  2.1200000e+002  2.6226800e+002  2.0876800e+002
  5.0125000e+002  2.2240900e+002  4.3914600e+002  2.1664600e+002
  2.9104400e+002  2.5682350e+002  2.4459400e+002  2.5593750e+002
  4.1947500e+002  2.9502500e+002  3.5454550e+002  2.9970450e+002
  1.2400000e+002  7.4950000e+001  1.2931250e+002  8.2250000e+001
  1.1705150e+002  9.8198500e+001  1.2496000e+002  1.0547000e+002
  1.1975000e+002  7.9000000e+001  1.2630550e+002  8.6055500e+001
  3.2430700e+002  2.1078400e+002  2.7696650e+002  2.0671650e+002
  3.6238050e+002  3.0559800e+002  3.0204550e+002  3.0909100e+002
  3.5975000e+002  1.3234100e+002  3.0692300e+002  1.2148100e+002
  3.8642500e+002  9.7675000e+001  3.3776500e+002  8.1863500e+001
  3.8594900e+002  9.5143500e+001  3.3775200e+002  7.9372000e+001
  4.4712100e+002  1.0015900e+002  3.9550000e+002  7.8264500e+001
  4.6607500e+002  2.2242500e+002  4.0343200e+002  2.1731800e+002
  1.8095850e+002  1.4345850e+002  1.7001900e+002  1.4426900e+002
  1.8115400e+002  1.4223850e+002  1.6997200e+002  1.4323150e+002
  4.7558350e+002  1.2027800e+002  4.1711100e+002  9.8416500e+001
  4.9284600e+002  9.3942500e+001  4.3864050e+002  6.6172000e+001
  1.3778850e+002  3.9077000e+001  1.4100000e+002  4.6750000e+001
  2.7862500e+002  1.4707500e+002  2.3892500e+002  1.4257500e+002
  3.5757500e+002  2.9242500e+002  2.9835000e+002  2.9470000e+002
  3.5721900e+002  3.0671900e+002  2.9728100e+002  3.1021900e+002
  3.9522500e+002  1.7972500e+002  3.4137500e+002  1.7137500e+002
  1.0276100e+002  1.3308500e+002  1.1167100e+002  1.3873800e+002
  3.3234850e+002  1.4044150e+002  2.8345650e+002  1.3213000e+002
  2.7656250e+002  1.5346950e+002  2.3746450e+002  1.4938950e+002
  1.5195050e+002  2.9062800e+002  1.3764700e+002  2.8811100e+002
  3.6981000e+002  2.9634150e+002  3.0932300e+002  2.9961350e+002
  4.3855400e+002  1.0349650e+002  3.8721200e+002  8.2371500e+001
  4.4621600e+002  1.5059050e+002  3.8907050e+002  1.3562350e+002
  3.9342100e+002  1.5995150e+002  3.3803600e+002  1.4988500e+002
  4.2365800e+002  3.0993300e+002  3.5769600e+002  3.1669400e+002
  4.6234650e+002  2.8144450e+002  4.0018350e+002  2.8564750e+002
  1.7845700e+002  1.4480450e+002  1.6833800e+002  1.4561750e+002
  3.8100100e+002  2.8885850e+002  3.1921400e+002  2.9172600e+002
  4.4096250e+002  3.0942150e+002  3.7428900e+002  3.1689800e+002
  4.4962950e+002  1.3737600e+002  3.9148050e+002  1.2036550e+002
  9.4668000e+001  2.3261250e+002  1.0208850e+002  2.3268200e+002
  4.5485950e+002  1.5383300e+002  3.9711900e+002  1.3867250e+002
  4.3574050e+002  2.8756350e+002  3.7056700e+002  2.9182050e+002
  4.8174850e+002  2.3958550e+002  4.1825400e+002  2.3699900e+002
  4.4827650e+002  1.2236850e+002  3.8931250e+002  1.0325000e+002
  4.1002500e+002  1.7392500e+002  3.5130000e+002  1.6415000e+002
  1.4594450e+002  5.5805500e+001  1.4375000e+002  6.2000000e+001
  4.6775000e+002  1.2131250e+002  4.0905550e+002  1.0036100e+002
  2.2873900e+002  1.5900000e+002  2.0042200e+002  1.5735950e+002
  3.0673850e+002  2.1373850e+002  2.5731250e+002  2.1081250e+002
  5.3750000e+001  2.3475000e+002  7.5472000e+001  2.3516650e+002
  9.2719000e+001  2.3378100e+002  1.0045000e+002  2.3370000e+002
  4.7006000e+002  1.4203000e+002  4.1114650e+002  1.2402600e+002
  7.4396000e+001  1.8997900e+002  9.1659000e+001  1.9304550e+002
  1.0165500e+002  2.4464300e+002  1.0658350e+002  2.4394450e+002
  1.1017500e+002  9.9575000e+001  1.1876550e+002  1.0689050e+002
  3.7420000e+002  2.3530000e+002  3.1613650e+002  2.3306800e+002
  4.8685000e+001  2.1260200e+002  7.4514000e+001  2.1476400e+002
  3.6801100e+002  2.9633800e+002  3.0760150e+002  2.9970250e+002
  3.1725000e+002  2.9369850e+002  2.6402650e+002  2.9504250e+002
  2.9308800e+002  2.6880900e+002  2.4623550e+002  2.6854400e+002
  4.9707950e+002  2.4348850e+002  4.3376150e+002  2.4164750e+002
  3.1718950e+002  1.4873100e+002  2.7068300e+002  1.4194800e+002
  1.6084550e+002  2.0300150e+002  1.4937000e+002  2.0309800e+002
  5.8704500e+001  2.1308850e+002  8.1849500e+001  2.1512400e+002
  4.4269200e+002  3.0465450e+002  3.7622150e+002  3.1145250e+002
  1.1866200e+002  7.8960500e+001  1.2542800e+002  8.6497500e+001
  1.0089800e+002  1.3639000e+002  1.1106300e+002  1.4195200e+002
  4.2289450e+002  2.5216800e+002  3.5959300e+002  2.5146500e+002
  4.4704750e+002  3.0009300e+002  3.8047800e+002  3.0640650e+002
  3.2081500e+002  1.8356800e+002  2.7426250e+002  1.7857800e+002
  3.8509950e+002  1.6037100e+002  3.3085050e+002  1.5019900e+002
  3.2960100e+002  1.6894050e+002  2.8179950e+002  1.6260250e+002
  1.8217500e+002  1.8170350e+002  1.6695050e+002  1.8210300e+002
  1.5976000e+002  1.6320150e+002  1.4912900e+002  1.6495000e+002
  3.9782100e+002  2.9055250e+002  3.3473200e+002  2.9388550e+002
  4.6613500e+002  2.8661000e+002  3.9980550e+002  2.9159350e+002
  1.2954150e+002  1.6258350e+002  1.3150000e+002  1.6530550e+002
  3.8320450e+002  1.6661350e+002  3.2851400e+002  1.5731950e+002
  1.2755550e+002  9.4194500e+001  1.3247200e+002  1.0011100e+002
  1.6215000e+002  1.6870000e+002  1.5172500e+002  1.6922500e+002
  2.8528350e+002  2.9980000e+002  2.3804550e+002  3.0029550e+002
  1.9038650e+002  1.6877250e+002  1.7181250e+002  1.6875000e+002
  4.4838350e+002  1.2863350e+002  3.9052350e+002  1.1017950e+002
  3.8619250e+002  1.3663450e+002  3.3112500e+002  1.2433350e+002
  1.8394750e+002  1.6546050e+002  1.6753100e+002  1.6587500e+002
  2.2835900e+002  1.8200000e+002  2.0010950e+002  1.8073300e+002
  2.7098200e+002  1.5137500e+002  2.3300000e+002  1.4728850e+002
  2.3713900e+002  1.5983350e+002  2.0680250e+002  1.5810550e+002
  3.6756250e+002  2.9933150e+002  3.0662500e+002  3.0250000e+002
  3.1920600e+002  1.4930900e+002  2.7226300e+002  1.4251300e+002
  3.6800000e+002  1.3972350e+002  3.1442200e+002  1.2923450e+002
  1.8940900e+002  1.4140900e+002  1.7622500e+002  1.4190000e+002
  1.9515900e+002  1.5640900e+002  1.7456250e+002  1.5656250e+002
  1.3977400e+002  1.2975950e+002  1.3764350e+002  1.3345800e+002
  1.6450000e+002  2.2750000e+002  1.5098100e+002  2.2703850e+002
  1.1446650e+002  1.4271650e+002  1.1981800e+002  1.4702250e+002
  1.1500750e+002  1.4196900e+002  1.2012250e+002  1.4637750e+002
  2.3265620e+002  7.8105400e+001  2.2816130e+002  7.5902850e+001
  2.7374849e+002  6.9878630e+001  2.6151873e+002  6.3547265e+001
  3.2177963e+002  5.9658930e+001  3.0261076e+002  4.7831626e+001
  1.2126884e+002  2.2218894e+001  1.3380796e+002  3.2478772e+001
  1.7939983e+002  3.9706305e+001  1.8230919e+002  4.2846733e+001
  1.9637955e+002  5.1734775e+001  2.0551702e+002  5.2980605e+001
  1.9712086e+002  3.8617799e+001  2.1045239e+002  3.9945364e+001
  1.5253524e+002  1.3145888e+001  1.5602195e+002  2.0441539e+001
  2.1375558e+002  7.7271660e+001  2.2422880e+002  7.6785430e+001
  1.9492931e+002  1.1111492e+002  1.9128653e+002  1.1194678e+002
  2.7990203e+002  8.8695005e+001  2.6070011e+002  8.2646540e+001
  3.4831228e+002  8.4070730e+001  3.1648110e+002  7.1289450e+001
  2.0203489e+002  1.1748108e+002  1.9386953e+002  1.1772831e+002
  2.3188115e+002  1.0341166e+002  2.0782166e+002  1.0160805e+002
  3.8481000e+002  7.8406745e+001  3.3647062e+002  6.0910215e+001
  4.4379631e+002  6.7695265e+001  3.9218692e+002  4.2129562e+001
